Object Un_lris Un_lris_err G_lris G_lris_err Rs_lris Rs_lris_err f814w f814w_err mosfire_J mosfire_J_err mosfire_Ks mosfire_Ks_err irac1 irac1_err irac2 irac2_err irac3 irac3_err f125w f125w_err f160w f160w_err Redshift
DSF2237b-C1 27.18 9999.0 25.45 0.2 24.85 0.08 24.79 0.29 9999.0 9999.0 9999.0 9999.0 9999.0 9999.0 9999.0 9999.0 9999.0 9999.0 9999.0 9999.0 9999.0 9999.0 3.059
DSF2237b-C13 27.27 9999.0 26.21 0.27 25.63 0.12 25.55 0.4 25.31 0.23 24.28 0.11 9999.0 9999.0 9999.0 9999.0 9999.0 9999.0 9999.0 9999.0 9999.0 9999.0 3.193
DSF2237b-C16 26.91 9999.0 25.48 0.16 24.67 0.05 24.73 0.21 24.16 0.1 23.27 0.1 9999.0 9999.0 22.98 0.27 9999.0 9999.0 24.26 0.1 23.89 0.1 3.132
DSF2237b-C17 26.53 9999.0 24.86 0.14 24.04 0.04 24.42 0.24 24.16 0.15 23.31 0.1 9999.0 9999.0 9999.0 9999.0 9999.0 9999.0 9999.0 9999.0 9999.0 9999.0 3.397
DSF2237b-C2 9999.0 9999.0 25.94 0.22 25.11 0.07 25.39 0.35 25.0 0.22 23.92 0.11 9999.0 9999.0 9999.0 9999.0 9999.0 9999.0 9999.0 9999.0 9999.0 9999.0 3.14
DSF2237b-C21 26.62 9999.0 24.82 0.12 23.69 0.03 23.67 0.11 22.99 0.1 22.2 0.1 9999.0 9999.0 21.64 0.1 9999.0 9999.0 9999.0 9999.0 9999.0 9999.0 3.401
DSF2237b-C25 28.1 9999.0 25.38 0.16 24.48 0.04 24.42 0.17 24.45 0.11 23.27 0.1 9999.0 9999.0 23.38 0.2 9999.0 9999.0 9999.0 9999.0 9999.0 9999.0 3.373
DSF2237b-C26 27.62 9999.0 24.75 0.1 24.28 0.03 24.46 0.18 23.94 0.1 23.96 0.1 9999.0 9999.0 23.05 0.11 9999.0 9999.0 9999.0 9999.0 9999.0 9999.0 3.25
DSF2237b-C27 27.06 9999.0 25.27 0.15 24.17 0.04 24.15 0.15 23.24 0.1 22.91 0.1 9999.0 9999.0 9999.0 9999.0 9999.0 9999.0 9999.0 9999.0 9999.0 9999.0 3.083
DSF2237b-C28 26.87 9999.0 25.98 0.22 25.28 0.08 25.22 0.3 24.14 0.1 23.46 0.1 9999.0 9999.0 23.13 0.35 9999.0 9999.0 9999.0 9999.0 9999.0 9999.0 2.921
DSF2237b-C29 27.42 9999.0 25.56 0.18 24.92 0.07 24.92 0.27 24.74 0.14 24.22 0.1 9999.0 9999.0 9999.0 9999.0 9999.0 9999.0 24.72 0.1 24.41 0.1 3.102
DSF2237b-C31 26.96 9999.0 26.3 0.28 25.72 0.12 26.23 0.7 25.52 0.27 25.88 0.43 9999.0 9999.0 9999.0 9999.0 9999.0 9999.0 25.9 0.1 25.86 0.1 2.757
DSF2237b-C46 26.84 9999.0 25.73 0.19 25.16 0.08 25.19 0.3 24.05 0.14 9999.0 9999.0 9999.0 9999.0 9999.0 9999.0 9999.0 9999.0 9999.0 9999.0 9999.0 9999.0 3.071
DSF2237b-C50 27.61 9999.0 25.57 0.17 24.85 0.06 24.94 0.26 25.7 0.67 9999.0 9999.0 9999.0 9999.0 9999.0 9999.0 9999.0 9999.0 9999.0 9999.0 9999.0 9999.0 3.374
DSF2237b-C7 27.03 9999.0 25.68 0.2 25.35 0.1 25.33 0.4 25.88 0.57 9999.0 9999.0 9999.0 9999.0 9999.0 9999.0 9999.0 9999.0 25.84 0.1 24.45 0.1 2.92
DSF2237b-C8 28.31 9999.0 26.69 0.43 25.46 0.09 25.45 0.37 9999.0 9999.0 9999.0 9999.0 9999.0 9999.0 9999.0 9999.0 9999.0 9999.0 9999.0 9999.0 9999.0 9999.0 3.106
DSF2237b-C9 28.03 9999.0 25.88 0.25 25.21 0.08 25.16 0.35 25.93 0.86 9999.0 9999.0 9999.0 9999.0 9999.0 9999.0 9999.0 9999.0 9999.0 9999.0 9999.0 9999.0 3.236
DSF2237b-CC21 9999.0 9999.0 26.05 0.21 25.47 0.09 25.8 0.44 25.4 0.2 23.62 0.1 9999.0 9999.0 9999.0 9999.0 9999.0 9999.0 25.36 0.1 25.04 0.1 3.206
DSF2237b-CC6 27.81 9999.0 26.02 0.26 24.94 0.06 25.04 0.28 23.6 0.1 23.34 0.1 9999.0 9999.0 22.52 0.12 9999.0 9999.0 9999.0 9999.0 9999.0 9999.0 2.914
DSF2237b-D1 25.75 0.28 24.09 0.1 24.24 0.04 24.35 0.17 22.97 0.1 22.74 0.1 9999.0 9999.0 22.59 0.13 9999.0 9999.0 9999.0 9999.0 9999.0 9999.0 2.925
DSF2237b-D10 26.43 0.53 24.76 0.1 24.52 0.05 24.48 0.21 23.64 0.1 23.1 0.1 9999.0 9999.0 22.81 0.1 9999.0 9999.0 9999.0 9999.0 9999.0 9999.0 2.06
DSF2237b-D11 27.06 0.72 25.37 0.14 25.09 0.07 24.94 0.25 24.05 0.1 24.5 0.15 9999.0 9999.0 9999.0 9999.0 9999.0 9999.0 9999.0 9999.0 9999.0 9999.0 2.788
DSF2237b-D13 26.82 9999.0 25.23 0.11 24.93 0.06 25.42 0.36 24.63 0.12 23.86 0.1 9999.0 9999.0 23.91 0.19 9999.0 9999.0 24.89 0.1 24.67 0.1 2.92
DSF2237b-D15 22.61 0.1 20.77 0.1 20.62 0.0 20.61 0.1 19.94 0.1 19.74 0.1 9999.0 9999.0 9999.0 9999.0 9999.0 9999.0 9999.0 9999.0 9999.0 9999.0 2.819
DSF2237b-D16 27.14 9999.0 25.55 0.2 24.99 0.09 25.7 0.61 9999.0 9999.0 25.4 0.39 9999.0 9999.0 9999.0 9999.0 9999.0 9999.0 9999.0 9999.0 9999.0 9999.0 3.022
DSF2237b-D18 27.05 9999.0 25.68 0.16 25.59 0.1 25.76 0.45 9999.0 9999.0 9999.0 9999.0 9999.0 9999.0 9999.0 9999.0 9999.0 9999.0 9999.0 9999.0 9999.0 9999.0 2.918
DSF2237b-D19 26.99 0.73 25.4 0.15 25.12 0.08 25.18 0.33 24.02 0.1 22.99 0.1 23.16 0.2 23.34 0.35 9999.0 9999.0 9999.0 9999.0 9999.0 9999.0 3.261
DSF2237b-D2 26.19 9999.0 24.62 0.12 23.77 0.04 23.61 0.13 9999.0 9999.0 9999.0 9999.0 9999.0 9999.0 9999.0 9999.0 9999.0 9999.0 9999.0 9999.0 9999.0 9999.0 3.178
DSF2237b-D25 26.77 9999.0 24.55 0.1 23.87 0.03 23.84 0.12 23.81 0.14 9999.0 9999.0 9999.0 9999.0 9999.0 9999.0 9999.0 9999.0 9999.0 9999.0 9999.0 9999.0 3.169
DSF2237b-D28 26.76 0.68 24.69 0.1 24.35 0.04 24.62 0.22 23.56 0.1 9999.0 9999.0 9999.0 9999.0 9999.0 9999.0 9999.0 9999.0 9999.0 9999.0 9999.0 9999.0 2.928
DSF2237b-D29 26.96 1.04 24.43 0.1 23.65 0.03 23.65 0.12 23.68 0.17 9999.0 9999.0 22.44 0.13 22.3 0.18 9999.0 9999.0 9999.0 9999.0 9999.0 9999.0 3.365
DSF2237b-D3 26.19 9999.0 24.78 0.11 24.18 0.05 24.55 0.25 24.92 0.43 9999.0 9999.0 9999.0 9999.0 9999.0 9999.0 9999.0 9999.0 9999.0 9999.0 9999.0 9999.0 2.939
DSF2237b-D4 26.96 0.78 24.53 0.1 24.42 0.05 24.51 0.2 25.98 0.92 9999.0 9999.0 9999.0 9999.0 9999.0 9999.0 9999.0 9999.0 9999.0 9999.0 9999.0 9999.0 2.935
DSF2237b-D5 24.82 0.29 23.17 0.1 22.54 0.02 21.82 0.1 9999.0 9999.0 21.78 0.1 9999.0 9999.0 9999.0 9999.0 9999.0 9999.0 9999.0 9999.0 9999.0 9999.0 2.62
DSF2237b-M14 27.31 9999.0 27.54 0.74 26.3 0.15 27.13 1.37 25.37 0.2 25.28 0.2 9999.0 9999.0 23.37 0.2 9999.0 9999.0 9999.0 9999.0 9999.0 9999.0 3.177
DSF2237b-M15 27.81 9999.0 26.05 0.25 25.46 0.09 26.12 0.71 25.5 0.28 25.01 0.21 9999.0 9999.0 9999.0 9999.0 9999.0 9999.0 25.6 0.1 25.46 0.1 3.401
DSF2237b-M19 27.29 9999.0 25.76 0.21 24.7 0.05 25.09 0.31 24.54 0.12 23.29 0.1 9999.0 9999.0 23.61 0.14 9999.0 9999.0 9999.0 9999.0 9999.0 9999.0 3.257
DSF2237b-M20 26.57 9999.0 25.32 0.18 24.3 0.05 24.34 0.2 23.75 0.1 22.64 0.1 9999.0 9999.0 23.5 0.18 9999.0 9999.0 9999.0 9999.0 9999.0 9999.0 3.143
DSF2237b-M22 28.08 9999.0 25.7 0.21 24.76 0.06 24.71 0.23 23.82 0.1 23.04 0.1 9999.0 9999.0 23.29 0.34 9999.0 9999.0 9999.0 9999.0 9999.0 9999.0 3.397
DSF2237b-M23 28.39 9999.0 26.11 0.25 25.41 0.08 25.56 0.4 24.38 0.1 23.67 0.1 9999.0 9999.0 9999.0 9999.0 9999.0 9999.0 9999.0 9999.0 9999.0 9999.0 3.372
DSF2237b-M25 27.82 9999.0 26.22 0.28 25.51 0.11 25.46 0.37 25.5 0.3 25.15 0.26 9999.0 9999.0 9999.0 9999.0 9999.0 9999.0 9999.0 9999.0 9999.0 9999.0 3.273
DSF2237b-M27 29.26 9999.0 26.22 0.33 25.41 0.12 25.46 0.43 25.14 0.27 23.47 0.1 9999.0 9999.0 9999.0 9999.0 9999.0 9999.0 9999.0 9999.0 9999.0 9999.0 3.405
DSF2237b-M29 27.61 9999.0 25.38 0.18 24.15 0.04 24.07 0.14 23.25 0.1 22.23 0.1 9999.0 9999.0 9999.0 9999.0 9999.0 9999.0 9999.0 9999.0 9999.0 9999.0 3.389
DSF2237b-M3 9999.0 9999.0 25.74 0.23 24.58 0.05 25.09 0.34 23.4 0.1 23.65 0.16 9999.0 9999.0 22.91 0.13 9999.0 9999.0 9999.0 9999.0 9999.0 9999.0 3.143
DSF2237b-M30 27.58 9999.0 25.8 0.25 24.72 0.07 24.88 0.29 9999.0 9999.0 23.71 0.13 9999.0 9999.0 9999.0 9999.0 9999.0 9999.0 9999.0 9999.0 9999.0 9999.0 3.403
DSF2237b-M31 26.93 9999.0 26.13 0.27 25.17 0.08 25.32 0.35 24.76 0.17 24.47 0.2 9999.0 9999.0 9999.0 9999.0 9999.0 9999.0 9999.0 9999.0 9999.0 9999.0 3.395
DSF2237b-M33 27.37 9999.0 26.34 0.32 25.3 0.09 24.9 0.23 22.57 0.1 9999.0 9999.0 9999.0 9999.0 9999.0 9999.0 9999.0 9999.0 9999.0 9999.0 9999.0 9999.0 1.418
DSF2237b-M6 27.21 9999.0 26.1 0.3 25.5 0.11 25.45 0.45 24.23 0.18 9999.0 9999.0 9999.0 9999.0 9999.0 9999.0 9999.0 9999.0 9999.0 9999.0 9999.0 9999.0 3.257
DSF2237b-MD10 26.46 9999.0 25.55 0.21 24.5 0.05 24.86 0.3 9999.0 9999.0 24.68 0.45 9999.0 9999.0 23.51 0.21 9999.0 9999.0 9999.0 9999.0 9999.0 9999.0 3.107
DSF2237b-MD19 26.76 0.77 25.05 0.13 24.51 0.06 24.2 0.17 22.95 0.1 22.12 0.1 9999.0 9999.0 9999.0 9999.0 9999.0 9999.0 9999.0 9999.0 9999.0 9999.0 2.616
DSF2237b-MD2 26.94 0.93 25.37 0.17 24.41 0.05 24.33 0.18 9999.0 9999.0 22.97 0.11 9999.0 9999.0 9999.0 9999.0 9999.0 9999.0 9999.0 9999.0 9999.0 9999.0 2.514
DSF2237b-MD20 25.98 0.27 24.68 0.1 24.8 0.05 24.76 0.21 24.58 0.12 24.31 0.12 9999.0 9999.0 24.51 0.37 9999.0 9999.0 9999.0 9999.0 9999.0 9999.0 2.616
DSF2237b-MD22 26.48 9999.0 24.94 0.11 24.31 0.04 24.18 0.15 23.39 0.1 23.16 0.1 9999.0 9999.0 9999.0 9999.0 9999.0 9999.0 9999.0 9999.0 9999.0 9999.0 2.926
DSF2237b-MD29 26.75 0.64 25.14 0.11 25.09 0.08 24.77 0.22 23.48 0.1 22.8 0.1 9999.0 9999.0 21.97 0.1 9999.0 9999.0 23.28 0.1 23.0 0.1 2.063
DSF2237b-MD30 26.39 0.42 25.17 0.13 25.09 0.08 25.0 0.29 23.94 0.1 23.18 0.1 9999.0 9999.0 22.58 0.14 9999.0 9999.0 24.02 0.1 23.75 0.1 2.07
DSF2237b-MD31 26.06 0.4 24.22 0.1 23.85 0.03 23.75 0.12 23.34 0.1 24.0 0.12 9999.0 9999.0 9999.0 9999.0 9999.0 9999.0 23.28 0.1 23.31 0.1 2.519
DSF2237b-MD33 26.93 0.57 25.39 0.13 25.02 0.06 24.93 0.23 24.3 0.1 24.39 0.11 9999.0 9999.0 23.43 0.21 9999.0 9999.0 9999.0 9999.0 9999.0 9999.0 2.551
DSF2237b-MD34 26.52 0.37 25.28 0.12 25.23 0.08 25.29 0.33 24.9 0.15 24.75 0.16 9999.0 9999.0 9999.0 9999.0 9999.0 9999.0 25.3 0.1 24.88 0.1 2.61
DSF2237b-MD37 26.88 9999.0 25.88 0.21 25.17 0.07 25.23 0.31 24.41 0.1 23.63 0.1 9999.0 9999.0 22.91 0.15 9999.0 9999.0 24.4 0.1 23.83 0.1 2.614
DSF2237b-MD38 26.25 9999.0 24.91 0.14 23.83 0.03 23.72 0.12 23.15 0.1 22.55 0.1 9999.0 9999.0 22.48 0.1 9999.0 9999.0 23.48 0.1 23.37 0.1 3.326
DSF2237b-MD53 26.06 0.56 24.35 0.1 24.05 0.05 24.14 0.2 22.19 0.1 21.18 0.1 9999.0 9999.0 9999.0 9999.0 9999.0 9999.0 22.48 0.1 21.87 0.1 2.287
DSF2237b-MD56 26.99 9999.0 26.12 0.23 25.55 0.09 25.31 0.3 24.61 0.11 24.0 0.1 9999.0 9999.0 9999.0 9999.0 9999.0 9999.0 9999.0 9999.0 9999.0 9999.0 2.508
DSF2237b-MD6 26.99 0.79 25.6 0.2 25.29 0.1 25.51 0.5 9999.0 9999.0 24.83 0.5 9999.0 9999.0 9999.0 9999.0 9999.0 9999.0 9999.0 9999.0 9999.0 9999.0 3.103
DSF2237b-MD60 26.86 9999.0 25.01 0.14 24.31 0.05 24.13 0.17 23.39 0.1 23.67 0.1 9999.0 9999.0 9999.0 9999.0 9999.0 9999.0 24.13 0.1 23.91 0.1 3.144
DSF2237b-MD62 26.81 9999.0 25.84 0.21 25.37 0.09 25.21 0.32 24.62 0.15 24.16 0.14 9999.0 9999.0 9999.0 9999.0 9999.0 9999.0 9999.0 9999.0 9999.0 9999.0 2.508
DSF2237b-MD63 26.21 0.4 25.02 0.12 24.92 0.07 24.96 0.3 24.22 0.11 23.51 0.1 9999.0 9999.0 9999.0 9999.0 9999.0 9999.0 9999.0 9999.0 9999.0 9999.0 2.191
DSF2237b-MD65 26.5 0.93 24.99 0.2 23.94 0.07 22.56 0.1 9999.0 9999.0 23.78 0.14 9999.0 9999.0 9999.0 9999.0 9999.0 9999.0 9999.0 9999.0 9999.0 9999.0 2.057
DSF2237b-MD69 26.68 9999.0 25.58 0.19 24.68 0.05 24.67 0.23 24.2 0.17 9999.0 9999.0 9999.0 9999.0 9999.0 9999.0 9999.0 9999.0 9999.0 9999.0 9999.0 9999.0 2.916
DSF2237b-MD72 25.69 0.23 24.57 0.1 24.4 0.04 24.43 0.17 23.55 0.1 22.99 0.1 9999.0 9999.0 22.68 0.18 9999.0 9999.0 9999.0 9999.0 9999.0 9999.0 2.401
DSF2237b-MD81 25.88 0.35 24.49 0.1 24.22 0.04 24.1 0.15 22.77 0.1 9999.0 9999.0 22.01 0.16 21.06 0.1 20.68 0.1 9999.0 9999.0 9999.0 9999.0 2.825
DSF2237b-MD84 25.58 0.3 24.04 0.1 23.65 0.02 23.65 0.1 23.24 0.1 9999.0 9999.0 9999.0 9999.0 9999.0 9999.0 9999.0 9999.0 9999.0 9999.0 9999.0 9999.0 2.896
DSF2237b-MM17 26.58 9999.0 25.69 0.36 24.54 0.12 24.76 0.41 22.52 0.1 23.41 0.1 9999.0 9999.0 23.86 0.42 9999.0 9999.0 24.33 0.1 24.27 0.1 2.503
DSF2237b-MM30 27.38 9999.0 27.18 0.65 25.72 0.14 26.34 0.81 24.97 0.29 23.45 0.14 9999.0 9999.0 9999.0 9999.0 9999.0 9999.0 9999.0 9999.0 9999.0 9999.0 3.482
DSF2237b-MM40 27.63 9999.0 26.51 0.37 25.31 0.08 25.34 0.34 9999.0 9999.0 23.62 0.1 9999.0 9999.0 23.37 0.28 9999.0 9999.0 9999.0 9999.0 9999.0 9999.0 3.064
DSF2237b-MM7 27.1 9999.0 26.52 0.36 25.42 0.1 25.57 0.41 24.55 0.13 23.79 0.1 9999.0 9999.0 24.0 0.25 9999.0 9999.0 9999.0 9999.0 9999.0 9999.0 2.556
DSF2237b-MMD146 27.28 0.68 25.88 0.16 25.93 0.13 25.89 0.43 24.72 0.1 23.98 0.1 9999.0 9999.0 9999.0 9999.0 9999.0 9999.0 24.63 0.1 24.3 0.1 2.286
DSF2237b-MMD147 27.5 1.01 26.38 0.34 25.59 0.12 25.61 0.45 24.71 0.15 24.44 0.12 9999.0 9999.0 23.49 0.15 9999.0 9999.0 9999.0 9999.0 9999.0 9999.0 2.283
DSF2237b-MMD23 27.59 9999.0 26.42 0.38 25.6 0.12 25.94 0.66 25.59 0.46 9999.0 9999.0 9999.0 9999.0 9999.0 9999.0 9999.0 9999.0 9999.0 9999.0 9999.0 9999.0 2.932
DSF2237b-MMD40 26.51 0.49 25.43 0.15 25.29 0.1 25.23 0.34 24.21 0.1 24.39 0.13 9999.0 9999.0 9999.0 9999.0 9999.0 9999.0 9999.0 9999.0 9999.0 9999.0 2.396
DSF2237b-MMD43 27.11 9999.0 26.57 0.37 25.87 0.13 24.98 0.23 22.23 0.1 21.46 0.1 9999.0 9999.0 20.28 0.1 9999.0 9999.0 22.33 0.1 21.83 0.1 2.437
DSF2237b-MMD56 27.04 0.71 25.45 0.15 25.2 0.08 25.75 0.55 25.09 0.19 23.85 0.1 9999.0 9999.0 23.6 0.28 9999.0 9999.0 9999.0 9999.0 9999.0 9999.0 2.375
DSF2237b-MMD65 25.97 0.3 24.87 0.1 24.79 0.06 24.94 0.27 24.4 0.11 24.11 0.1 9999.0 9999.0 9999.0 9999.0 9999.0 9999.0 24.89 0.1 24.49 0.1 2.3
DSF2237b-MMD68 27.07 9999.0 26.37 0.32 25.8 0.13 26.26 0.77 23.66 0.1 23.18 0.1 9999.0 9999.0 22.28 0.1 9999.0 9999.0 9999.0 9999.0 9999.0 9999.0 2.066
DSF2237b-MMD75 26.41 0.4 25.19 0.13 25.1 0.08 25.2 0.34 24.18 0.1 23.17 0.1 9999.0 9999.0 9999.0 9999.0 9999.0 9999.0 9999.0 9999.0 9999.0 9999.0 2.5
