Object Un_lris Un_lris_err G_lris G_lris_err Rs_lris Rs_lris_err f814w f814w_err mosfire_J mosfire_J_err mosfire_Ks mosfire_Ks_err irac1 irac1_err irac2 irac2_err f125w f125w_err f160w f160w_err Redshift
Q0933-C15 27.03 9999.0 25.9 0.15 24.74 0.12 25.19 0.39 25.14 0.36 24.22 0.1 23.67 0.42 23.48 0.34 9999.0 9999.0 9999.0 9999.0 3.163
Q0933-C17 26.8 9999.0 25.93 0.14 24.75 0.14 25.43 0.44 24.53 0.19 23.6 0.1 9999.0 9999.0 9999.0 9999.0 9999.0 9999.0 9999.0 9999.0 2.549
Q0933-C18 26.94 9999.0 25.52 0.12 24.59 0.1 24.58 0.25 24.86 0.31 23.8 0.1 23.24 0.28 9999.0 9999.0 24.17 0.05 23.7 0.05 2.926
Q0933-C20 29.81 9999.0 26.03 0.16 25.15 0.14 25.75 0.62 26.08 0.8 24.65 0.14 9999.0 9999.0 9999.0 9999.0 24.95 0.05 24.62 0.05 3.163
Q0933-C22 27.11 9999.0 25.15 0.1 24.91 0.13 25.21 0.42 25.15 0.38 28.3 0.1 9999.0 9999.0 9999.0 9999.0 24.97 0.05 24.84 0.05 3.164
Q0933-C25 27.55 9999.0 25.58 0.12 24.2 0.1 24.98 0.35 24.71 0.26 24.45 0.13 23.43 0.28 22.38 0.19 9999.0 9999.0 9999.0 9999.0 2.706
Q0933-C27 27.07 9999.0 26.62 0.22 25.35 0.17 26.1 0.7 25.54 0.4 26.2 0.19 9999.0 9999.0 21.75 0.22 25.12 0.05 25.31 0.05 3.546
Q0933-C28 26.61 9999.0 25.48 0.12 24.4 0.11 25.35 0.52 24.97 0.36 24.45 0.14 9999.0 9999.0 9999.0 9999.0 9999.0 9999.0 9999.0 9999.0 2.923
Q0933-C29 26.45 9999.0 25.21 0.11 24.32 0.11 24.64 0.33 24.96 0.42 23.85 0.1 9999.0 9999.0 9999.0 9999.0 9999.0 9999.0 9999.0 9999.0 2.985
Q0933-C30 27.09 9999.0 26.06 0.16 24.87 0.13 25.23 0.37 25.78 0.59 24.21 0.1 9999.0 9999.0 20.48 0.15 9999.0 9999.0 9999.0 9999.0 3.237
Q0933-C31 26.45 9999.0 25.49 0.14 24.69 0.11 26.16 1.28 25.24 0.53 24.08 0.1 9999.0 9999.0 9999.0 9999.0 9999.0 9999.0 9999.0 9999.0 3.227
Q0933-C32 26.76 9999.0 26.24 0.18 25.18 0.15 26.21 0.88 24.98 0.27 23.51 0.1 9999.0 9999.0 9999.0 9999.0 9999.0 9999.0 9999.0 9999.0 2.543
Q0933-C39 26.89 9999.0 25.92 0.12 24.92 0.14 25.88 0.57 27.07 9999.0 25.91 0.37 9999.0 9999.0 9999.0 9999.0 24.78 0.05 24.47 0.05 2.684
Q0933-C40 26.97 9999.0 26.31 0.16 25.68 0.23 26.81 1.25 99.0 9999.0 25.42 0.22 9999.0 9999.0 9999.0 9999.0 9999.0 9999.0 9999.0 9999.0 2.868
Q0933-C43 25.91 9999.0 24.68 0.1 23.75 0.1 24.24 0.23 24.31 0.24 23.31 0.1 21.96 0.1 9999.0 9999.0 23.77 0.05 23.16 0.05 2.769
Q0933-C45 26.16 9999.0 25.5 0.13 24.03 0.1 24.41 0.24 24.38 0.22 22.99 0.1 22.16 0.1 9999.0 9999.0 9999.0 9999.0 9999.0 9999.0 2.877
Q0933-C46 29.31 9999.0 25.29 0.13 23.61 0.1 23.91 0.19 23.34 0.11 22.53 0.1 22.51 0.1 9999.0 9999.0 9999.0 9999.0 9999.0 9999.0 3.454
Q0933-C49 26.13 9999.0 24.32 0.1 23.63 0.1 24.15 0.25 99.0 9999.0 23.16 0.1 9999.0 9999.0 9999.0 9999.0 9999.0 9999.0 9999.0 9999.0 2.914
Q0933-C7 27.34 9999.0 25.85 0.16 24.9 0.13 25.12 0.41 99.0 9999.0 24.13 0.1 9999.0 9999.0 23.42 0.13 9999.0 9999.0 9999.0 9999.0 3.378
Q0933-D10 26.37 9999.0 25.62 0.11 24.74 0.13 25.04 0.34 24.01 0.13 24.04 0.1 23.07 0.28 23.3 0.44 23.69 0.05 23.5 0.05 2.46
Q0933-D12 26.2 9999.0 25.51 0.13 24.26 0.1 24.96 0.39 24.68 0.29 24.49 0.16 9999.0 9999.0 9999.0 9999.0 25.64 0.06 24.92 0.06 2.922
Q0933-D13 27.11 9999.0 25.89 0.15 24.81 0.16 9999.0 9999.0 9999.0 9999.0 25.55 0.11 9999.0 9999.0 9999.0 9999.0 9999.0 9999.0 9999.0 9999.0 3.163
Q0933-D16 26.96 9999.0 26.06 0.16 25.49 0.19 25.82 0.63 25.4 0.41 24.44 0.11 9999.0 9999.0 9999.0 9999.0 24.52 0.05 24.37 0.05 3.047
Q0933-D18 26.42 0.7 24.79 0.1 23.93 0.1 24.19 0.21 23.69 0.13 23.12 0.1 9999.0 9999.0 9999.0 9999.0 9999.0 9999.0 9999.0 9999.0 2.547
Q0933-D19 26.25 9999.0 24.92 0.1 23.89 0.1 23.92 0.17 23.14 0.1 22.88 0.1 22.19 0.1 9999.0 9999.0 9999.0 9999.0 9999.0 9999.0 2.625
Q0933-D20 25.68 9999.0 24.62 0.1 24.0 0.1 24.01 0.27 24.19 0.3 99.0 9999.0 23.66 0.25 9999.0 9999.0 9999.0 9999.0 9999.0 9999.0 2.917
Q0933-D21 27.21 9999.0 25.78 0.13 24.81 0.14 25.4 0.45 25.15 0.35 25.07 0.21 9999.0 9999.0 9999.0 9999.0 9999.0 9999.0 9999.0 9999.0 2.912
Q0933-D23 26.17 9999.0 25.56 0.12 24.19 0.1 24.6 0.26 24.54 0.23 24.2 0.1 23.38 0.11 9999.0 9999.0 24.21 0.05 23.96 0.05 3.224
Q0933-D23b 27.24 9999.0 27.36 0.36 25.6 0.21 25.81 0.44 26.62 9999.0 24.9 0.12 24.7 0.35 9999.0 9999.0 25.36 0.05 25.51 0.07 3.229
Q0933-D25 26.64 0.56 24.9 0.1 25.04 0.13 25.32 0.45 25.98 0.79 27.25 9999.0 9999.0 9999.0 9999.0 9999.0 9999.0 9999.0 9999.0 9999.0 2.705
Q0933-D26 26.71 9999.0 25.65 0.15 25.27 0.14 25.15 0.48 24.73 0.31 23.78 0.1 25.09 0.39 9999.0 9999.0 24.92 0.05 24.86 0.05 3.265
Q0933-D30 25.89 9999.0 24.83 0.12 23.89 0.1 24.13 0.31 24.53 0.43 23.66 0.13 23.11 0.15 9999.0 9999.0 9999.0 9999.0 9999.0 9999.0 2.911
Q0933-D7 25.99 0.44 24.62 0.1 24.23 0.1 24.39 0.21 23.73 0.11 23.9 0.1 9999.0 9999.0 9999.0 9999.0 9999.0 9999.0 9999.0 9999.0 2.065
Q0933-D8 25.93 0.35 24.68 0.1 24.94 0.13 25.63 0.57 29.72 9999.0 24.36 0.11 9999.0 9999.0 9999.0 9999.0 9999.0 9999.0 9999.0 9999.0 2.739
Q0933-M10 26.51 9999.0 25.86 0.18 24.36 0.1 24.92 0.37 28.01 9999.0 23.94 0.1 9999.0 9999.0 9999.0 9999.0 9999.0 9999.0 9999.0 9999.0 3.487
Q0933-M13 27.73 9999.0 26.83 0.22 25.6 0.2 26.47 0.81 25.88 0.45 25.41 0.19 9999.0 9999.0 9999.0 9999.0 25.41 0.05 25.12 0.05 3.343
Q0933-M16 26.72 9999.0 25.59 0.14 24.15 0.1 24.79 0.33 24.22 0.19 23.4 0.1 9999.0 9999.0 9999.0 9999.0 9999.0 9999.0 9999.0 9999.0 3.037
Q0933-M17 26.86 9999.0 26.63 0.25 25.71 0.2 25.98 0.69 26.05 0.71 25.51 0.28 9999.0 9999.0 9999.0 9999.0 9999.0 9999.0 9999.0 9999.0 3.738
Q0933-M18 27.83 9999.0 26.55 0.18 25.07 0.21 26.84 1.18 26.16 9999.0 26.42 0.37 9999.0 9999.0 9999.0 9999.0 9999.0 9999.0 9999.0 9999.0 3.033
Q0933-M23 26.6 9999.0 25.97 0.17 24.64 0.11 25.22 0.43 25.19 0.4 24.59 0.15 9999.0 9999.0 9999.0 9999.0 24.59 0.05 24.55 0.05 3.289
Q0933-M30 27.3 9999.0 27.1 0.27 25.25 0.22 27.2 1.46 23.42 0.1 25.94 0.29 9999.0 9999.0 9999.0 9999.0 9999.0 9999.0 9999.0 9999.0 3.26
Q0933-M31 26.57 9999.0 25.89 0.15 24.73 0.12 25.19 0.41 25.13 0.37 24.64 0.15 23.54 0.23 9999.0 9999.0 9999.0 9999.0 9999.0 9999.0 2.917
Q0933-M33 27.41 9999.0 25.75 0.22 26.02 0.17 25.01 0.57 24.32 0.29 23.34 0.1 22.78 0.37 9999.0 9999.0 9999.0 9999.0 9999.0 9999.0 3.034
Q0933-M4 27.04 9999.0 26.81 0.28 25.24 0.2 26.78 1.4 99.0 9999.0 24.03 0.1 9999.0 9999.0 9999.0 9999.0 9999.0 9999.0 9999.0 9999.0 3.209
Q0933-M5 26.84 9999.0 25.52 0.15 24.31 0.1 24.35 0.25 24.0 0.18 23.48 0.1 9999.0 9999.0 9999.0 9999.0 9999.0 9999.0 9999.0 9999.0 3.168
Q0933-M7 26.21 9999.0 26.2 0.23 24.41 0.1 25.03 0.4 24.62 0.26 23.82 0.1 9999.0 9999.0 9999.0 9999.0 9999.0 9999.0 9999.0 9999.0 3.492
Q0933-MD10 26.74 0.72 25.62 0.1 25.34 0.19 26.54 1.2 99.0 9999.0 24.28 0.1 9999.0 9999.0 9999.0 9999.0 9999.0 9999.0 9999.0 9999.0 2.63
Q0933-MD11 26.48 9999.0 26.16 0.14 25.23 0.18 26.51 0.98 41.0 9999.0 99.0 9999.0 9999.0 9999.0 9999.0 9999.0 9999.0 9999.0 9999.0 9999.0 2.803
Q0933-MD17 26.68 0.71 25.12 0.1 24.35 0.1 24.37 0.22 99.0 9999.0 22.64 0.1 9999.0 9999.0 22.05 0.1 9999.0 9999.0 9999.0 9999.0 2.853
Q0933-MD22 26.92 0.75 26.14 0.16 25.39 0.19 27.01 1.81 24.17 0.13 24.53 0.12 9999.0 9999.0 9999.0 9999.0 9999.0 9999.0 9999.0 9999.0 2.785
Q0933-MD26 26.49 9999.0 25.82 0.13 25.53 0.17 25.77 0.61 29.08 9999.0 25.84 0.4 22.88 0.42 9999.0 9999.0 9999.0 9999.0 9999.0 9999.0 2.551
Q0933-MD29 26.85 0.86 25.24 0.1 24.55 0.1 24.87 0.32 25.59 0.59 23.88 0.1 22.79 0.27 23.18 0.23 9999.0 9999.0 9999.0 9999.0 2.592
Q0933-MD31 25.98 0.44 25.14 0.1 24.6 0.12 24.88 0.33 24.71 0.27 99.0 9999.0 9999.0 9999.0 9999.0 9999.0 9999.0 9999.0 9999.0 9999.0 2.836
Q0933-MD34 26.79 9999.0 26.11 0.17 25.27 0.18 26.57 1.27 25.63 0.51 26.81 0.99 9999.0 9999.0 9999.0 9999.0 9999.0 9999.0 9999.0 9999.0 2.668
Q0933-MD35 26.48 9999.0 26.23 0.17 25.54 0.19 25.75 0.54 25.55 0.43 24.75 0.13 9999.0 9999.0 9999.0 9999.0 9999.0 9999.0 9999.0 9999.0 2.792
Q0933-MD37 25.97 0.44 24.61 0.1 24.2 0.1 24.2 0.22 23.19 0.1 22.61 0.1 9999.0 9999.0 9999.0 9999.0 9999.0 9999.0 9999.0 9999.0 2.398
Q0933-MD39 26.12 9999.0 25.26 0.12 24.16 0.1 23.81 0.16 23.03 0.1 23.15 0.1 23.84 0.35 9999.0 9999.0 9999.0 9999.0 9999.0 9999.0 2.989
Q0933-MD41 26.06 0.53 24.58 0.1 24.18 0.1 24.31 0.26 23.97 0.18 23.39 0.1 22.95 0.12 9999.0 9999.0 23.41 0.05 23.14 0.05 2.111
Q0933-MD44 27.03 9999.0 26.53 0.24 25.4 0.18 25.48 0.47 25.08 0.31 23.88 0.1 22.8 0.1 9999.0 9999.0 24.68 0.05 24.05 0.05 2.948
Q0933-MD47 26.23 9999.0 26.04 0.16 24.84 0.15 25.57 0.52 25.3 0.39 26.92 0.12 9999.0 99999.0 9999.0 9999.0 9999.0 9999.0 9999.0 9999.0 3.327
Q0933-MD49 26.35 9999.0 25.69 0.12 24.66 0.13 25.51 0.5 25.14 0.34 24.78 0.16 9999.0 9999.0 9999.0 9999.0 9999.0 9999.0 9999.0 9999.0 2.915
Q0933-MD51 27.07 0.81 25.94 0.13 25.0 0.15 25.53 0.44 26.36 0.92 23.4 0.1 9999.0 9999.0 9999.0 9999.0 9999.0 9999.0 9999.0 9999.0 2.344
Q0933-MD52 25.24 0.29 23.85 0.1 23.53 0.1 23.22 0.12 22.44 0.1 21.67 0.1 21.09 0.1 9999.0 9999.0 9999.0 9999.0 9999.0 9999.0 2.056
Q0933-MD53 26.61 9999.0 25.58 0.1 24.71 0.12 25.54 0.5 25.29 0.38 24.1 0.1 23.34 0.14 9999.0 9999.0 9999.0 9999.0 9999.0 9999.0 2.431
Q0933-MD54 26.31 0.68 25.17 0.1 24.05 0.1 24.55 0.25 23.94 0.14 23.38 0.1 22.61 0.12 9999.0 9999.0 9999.0 9999.0 9999.0 9999.0 2.314
Q0933-MD57 26.05 9999.0 25.1 0.1 23.99 0.1 24.22 0.22 23.89 0.15 23.05 0.1 22.76 0.1 9999.0 9999.0 9999.0 9999.0 9999.0 9999.0 2.629
Q0933-MD58 25.69 0.31 25.1 0.1 24.13 0.1 25.28 0.39 25.14 0.33 24.7 0.14 23.94 0.19 9999.0 9999.0 9999.0 9999.0 9999.0 9999.0 2.63
Q0933-MD59 26.61 9999.0 26.22 0.15 25.52 0.17 26.16 0.7 25.53 0.37 24.67 0.11 9999.0 9999.0 9999.0 9999.0 9999.0 9999.0 9999.0 9999.0 2.641
Q0933-MD63 26.25 9999.0 25.62 0.12 24.87 0.13 25.28 0.43 24.99 0.31 24.43 0.12 23.37 0.2 9999.0 9999.0 9999.0 9999.0 9999.0 9999.0 2.625
Q0933-MD68 26.51 9999.0 25.91 0.13 25.22 0.18 26.05 0.74 25.82 0.58 23.75 0.1 22.01 0.13 9999.0 9999.0 9999.0 9999.0 9999.0 9999.0 1.985
Q0933-MD69 26.59 0.63 25.21 0.1 24.72 0.11 25.31 0.43 25.11 0.34 24.27 0.1 24.03 0.16 9999.0 9999.0 9999.0 9999.0 9999.0 9999.0 2.534
Q0933-MD70 26.11 0.75 23.85 0.1 23.11 0.1 23.26 0.12 23.37 0.13 23.21 0.1 9999.0 9999.0 9999.0 9999.0 9999.0 9999.0 9999.0 9999.0 2.863
Q0933-MD71 26.29 0.57 25.73 0.12 24.89 0.16 26.13 0.85 24.49 0.18 24.94 0.18 23.8 0.27 9999.0 9999.0 9999.0 9999.0 9999.0 9999.0 1.99
Q0933-MD75 26.85 0.75 25.66 0.1 24.98 0.17 26.11 0.72 26.83 9999.0 99.0 9999.0 9999.0 9999.0 9999.0 9999.0 25.68 0.05 25.51 0.06 2.913
Q0933-MD77 26.93 0.92 25.15 0.1 24.54 0.1 24.87 0.34 29.98 9999.0 25.43 0.36 24.56 0.31 9999.0 9999.0 24.41 0.05 24.08 0.05 2.776
Q0933-MD78 26.3 9999.0 25.55 0.13 24.15 0.1 24.24 0.19 24.18 0.17 24.22 0.12 23.63 0.35 9999.0 9999.0 9999.0 9999.0 9999.0 9999.0 2.453
Q0933-MD79 26.19 9999.0 25.29 0.12 24.36 0.1 24.85 0.41 99.0 9999.0 23.81 0.1 9999.0 9999.0 9999.0 9999.0 9999.0 9999.0 9999.0 9999.0 2.872
Q0933-MD81 27.07 0.85 25.6 0.1 24.99 0.14 25.46 0.44 24.26 0.14 24.12 0.1 23.32 0.19 9999.0 9999.0 9999.0 9999.0 9999.0 9999.0 2.225
Q0933-MD83 27.06 9999.0 26.1 0.17 25.02 0.15 25.58 0.53 25.61 0.52 24.25 0.1 23.62 0.25 9999.0 9999.0 24.87 0.05 24.23 0.05 2.88
Q0933-MD84 26.81 1.08 25.11 0.1 24.34 0.1 24.25 0.23 22.56 0.1 23.32 0.1 9999.0 9999.0 9999.0 9999.0 9999.0 9999.0 9999.0 9999.0 2.575
Q0933-MD87 26.08 0.1 24.84 0.1 24.15 0.1 24.08 0.22 24.15 0.23 23.68 0.1 9999.0 9999.0 9999.0 9999.0 9999.0 9999.0 9999.0 9999.0 3.14
