Object Un_lris Un_lris_err G_lris G_lris_err Rs_lris Rs_lris_err mosfire_Ks mosfire_Ks_err irac1 irac1_err irac2 irac2_err irac3 irac3_err f125w f125w_err f160w f160w_err Redshift
Q1422-c10 27.84 9999.0 25.38 0.1 24.4 0.1 99.0 9999.0 9999.0 9999.0 22.97 0.21 9999.0 9999.0 9999.0 9999.0 9999.0 9999.0 2.967
Q1422-c101 27.07 9999.0 25.18 0.1 23.9 0.1 22.8 0.03 21.9 0.1 21.78 0.1 21.25 0.15 9999.0 9999.0 9999.0 9999.0 2.877
Q1422-c102 27.96 9999.0 25.94 0.11 24.95 0.12 24.55 0.1 23.56 0.34 9999.0 9999.0 9999.0 9999.0 25.06 0.05 24.6 0.05 3.087
Q1422-c103 27.87 1.09 25.51 0.1 24.41 0.1 23.98 0.09 9999.0 9999.0 9999.0 9999.0 9999.0 9999.0 9999.0 9999.0 9999.0 9999.0 3.545
Q1422-c106 27.92 9999.0 26.05 0.14 25.1 0.13 24.58 0.07 9999.0 9999.0 9999.0 9999.0 9999.0 9999.0 9999.0 9999.0 9999.0 9999.0 3.029
Q1422-c107 28.13 9999.0 26.81 0.18 25.54 0.21 25.47 0.18 9999.0 9999.0 9999.0 9999.0 9999.0 9999.0 9999.0 9999.0 9999.0 9999.0 2.972
Q1422-c108 27.92 9999.0 25.74 0.1 24.93 0.1 24.06 0.07 9999.0 9999.0 9999.0 9999.0 9999.0 9999.0 9999.0 9999.0 9999.0 9999.0 3.371
Q1422-c110 27.35 9999.0 25.15 0.1 24.24 0.1 23.19 0.05 23.27 0.17 22.96 0.21 9999.0 9999.0 9999.0 9999.0 9999.0 9999.0 3.074
Q1422-c114 27.58 9999.0 27.09 0.18 25.29 0.21 25.25 0.12 9999.0 9999.0 9999.0 9999.0 9999.0 9999.0 9999.0 9999.0 9999.0 9999.0 3.105
Q1422-c117 28.55 9999.0 26.9 0.19 25.01 0.16 25.78 0.13 24.04 0.25 9999.0 9999.0 9999.0 9999.0 9999.0 9999.0 9999.0 9999.0 3.102
Q1422-c118 27.82 9999.0 26.03 0.12 25.12 0.12 24.5 0.1 24.05 0.31 23.52 0.32 9999.0 9999.0 9999.0 9999.0 9999.0 9999.0 2.967
Q1422-c121 28.45 9999.0 26.55 0.2 25.23 0.12 24.11 0.08 9999.0 9999.0 24.17 0.42 9999.0 9999.0 9999.0 9999.0 9999.0 9999.0 3.745
Q1422-c123 28.32 9999.0 27.12 0.22 25.63 0.2 25.81 0.24 9999.0 9999.0 9999.0 9999.0 9999.0 9999.0 9999.0 9999.0 9999.0 9999.0 3.096
Q1422-c125 27.91 9999.0 26.6 0.19 25.55 0.16 25.14 0.18 9999.0 9999.0 9999.0 9999.0 9999.0 9999.0 9999.0 9999.0 9999.0 9999.0 2.921
Q1422-c18 28.2 9999.0 26.07 0.14 24.76 0.1 107.53 9999.0 9999.0 9999.0 9999.0 9999.0 9999.0 9999.0 9999.0 9999.0 9999.0 9999.0 3.363
Q1422-c20 27.77 9999.0 25.4 0.1 24.48 0.1 99.0 9999.0 9999.0 9999.0 9999.0 9999.0 9999.0 9999.0 9999.0 9999.0 9999.0 9999.0 3.025
Q1422-c24 27.88 9999.0 25.81 0.11 24.58 0.1 110.52 9999.0 9999.0 9999.0 9999.0 9999.0 9999.0 9999.0 9999.0 9999.0 9999.0 9999.0 3.325
Q1422-c26 28.16 9999.0 25.99 0.13 25.01 0.12 99.42 9999.0 9999.0 9999.0 9999.0 9999.0 9999.0 9999.0 9999.0 9999.0 9999.0 9999.0 3.085
Q1422-c27 9999.0 9999.0 25.74 0.12 24.49 0.1 99.0 9999.0 9999.0 9999.0 9999.0 9999.0 9999.0 9999.0 9999.0 9999.0 9999.0 9999.0 3.377
Q1422-c31 29.07 9999.0 26.37 0.15 25.48 0.13 112.09 9999.0 9999.0 9999.0 9999.0 9999.0 9999.0 9999.0 9999.0 9999.0 9999.0 9999.0 3.338
Q1422-c35 28.05 9999.0 26.09 0.14 24.77 0.1 99.0 9999.0 9999.0 9999.0 9999.0 9999.0 9999.0 9999.0 9999.0 9999.0 9999.0 9999.0 3.414
Q1422-c36 27.96 9999.0 24.36 0.1 24.11 0.1 78.76 9999.0 9999.0 9999.0 9999.0 9999.0 9999.0 9999.0 9999.0 9999.0 9999.0 9999.0 3.253
Q1422-c37 28.22 9999.0 26.04 0.18 24.87 0.12 67.87 9999.0 9999.0 9999.0 9999.0 9999.0 9999.0 9999.0 9999.0 9999.0 9999.0 9999.0 3.585
Q1422-c40 28.56 9999.0 26.11 0.14 25.19 0.12 99.0 9999.0 9999.0 9999.0 9999.0 9999.0 9999.0 9999.0 9999.0 9999.0 9999.0 9999.0 3.523
Q1422-c42 27.9 9999.0 25.8 0.14 24.3 0.1 47.68 9999.0 21.25 0.1 21.11 0.1 20.94 0.25 9999.0 9999.0 9999.0 9999.0 3.564
Q1422-c43 28.56 9999.0 26.23 0.16 25.23 0.13 45.95 9999.0 9999.0 9999.0 9999.0 9999.0 9999.0 9999.0 9999.0 9999.0 9999.0 9999.0 3.283
Q1422-c48 28.18 9999.0 25.82 0.12 25.03 0.13 49.15 9999.0 9999.0 9999.0 9999.0 9999.0 9999.0 9999.0 9999.0 9999.0 9999.0 9999.0 3.045
Q1422-c49 29.89 9999.0 25.57 0.1 25.05 0.11 40.18 9999.0 9999.0 9999.0 9999.0 9999.0 9999.0 9999.0 9999.0 9999.0 9999.0 9999.0 3.183
Q1422-c52 27.6 9999.0 25.5 0.1 24.64 0.1 99.0 9999.0 9999.0 9999.0 9999.0 9999.0 9999.0 9999.0 9999.0 9999.0 9999.0 9999.0 3.074
Q1422-c59 29.41 9999.0 26.08 0.14 25.11 0.12 25.38 0.17 9999.0 9999.0 9999.0 9999.0 9999.0 9999.0 9999.0 9999.0 9999.0 9999.0 3.017
Q1422-c63 28.91 9999.0 27.62 0.25 25.73 0.23 26.24 0.1 9999.0 9999.0 9999.0 9999.0 9999.0 9999.0 26.38 0.09 24.96 0.05 3.059
Q1422-c69 30.72 9999.0 26.94 0.18 25.76 0.22 24.67 0.08 9999.0 9999.0 9999.0 9999.0 9999.0 9999.0 9999.0 9999.0 9999.0 9999.0 3.082
Q1422-c70 29.33 9999.0 26.63 0.2 25.55 0.17 25.63 0.13 9999.0 9999.0 9999.0 9999.0 9999.0 9999.0 25.37 0.05 24.93 0.05 3.129
Q1422-c74 27.26 9999.0 25.15 0.1 23.94 0.1 23.67 0.08 23.74 0.39 9999.0 9999.0 9999.0 9999.0 24.33 0.05 24.39 0.05 3.646
Q1422-c77 28.82 9999.0 26.59 0.18 25.16 0.14 22.43 0.01 9999.0 9999.0 9999.0 9999.0 9999.0 9999.0 9999.0 9999.0 9999.0 9999.0 2.574
Q1422-c78 9999.0 9999.0 25.98 0.13 24.82 0.1 23.21 0.04 9999.0 9999.0 9999.0 9999.0 9999.0 9999.0 9999.0 9999.0 9999.0 9999.0 3.38
Q1422-c79 29.42 9999.0 26.18 0.23 25.8 0.15 23.63 0.08 9999.0 9999.0 9999.0 9999.0 9999.0 9999.0 9999.0 9999.0 9999.0 9999.0 2.75
Q1422-c81 27.57 9999.0 26.62 0.19 24.64 0.14 23.99 0.06 22.54 0.17 22.21 0.1 21.22 0.23 9999.0 9999.0 9999.0 9999.0 3.584
Q1422-c84 28.3 9999.0 26.0 0.14 24.9 0.12 24.26 0.1 9999.0 9999.0 9999.0 9999.0 9999.0 9999.0 9999.0 9999.0 9999.0 9999.0 2.975
Q1422-c87 27.69 9999.0 26.35 0.15 25.44 0.16 24.79 0.13 9999.0 9999.0 9999.0 9999.0 9999.0 9999.0 25.47 0.05 24.81 0.05 2.822
Q1422-c92 28.8 9999.0 27.11 0.24 25.48 0.19 24.52 0.08 9999.0 9999.0 9999.0 9999.0 9999.0 9999.0 9999.0 9999.0 9999.0 9999.0 3.011
Q1422-c93 28.49 9999.0 26.42 0.16 25.39 0.14 24.34 0.08 9999.0 9999.0 23.32 0.26 9999.0 9999.0 9999.0 9999.0 9999.0 9999.0 3.084
Q1422-c94 30.73 9999.0 27.31 0.33 25.81 0.22 24.63 0.1 9999.0 9999.0 9999.0 9999.0 9999.0 9999.0 9999.0 9999.0 9999.0 9999.0 2.575
Q1422-c96 27.58 9999.0 25.37 0.1 24.62 0.1 23.83 0.07 23.39 0.28 9999.0 9999.0 9999.0 9999.0 9999.0 9999.0 9999.0 9999.0 3.029
Q1422-c99 27.63 9999.0 26.71 0.22 25.29 0.14 24.11 0.07 23.77 0.21 23.79 0.24 9999.0 9999.0 24.85 0.05 24.39 0.05 3.066
Q1422-d12 27.54 9999.0 25.73 0.11 24.81 0.1 99.0 9999.0 9999.0 9999.0 23.0 0.22 9999.0 9999.0 9999.0 9999.0 9999.0 9999.0 3.255
Q1422-d15 27.38 9999.0 25.77 0.1 25.05 0.11 99.0 9999.0 9999.0 9999.0 9999.0 9999.0 9999.0 9999.0 9999.0 9999.0 9999.0 9999.0 2.914
Q1422-d16 26.95 0.65 24.39 0.1 23.6 0.1 99.0 9999.0 9999.0 9999.0 21.58 0.1 9999.0 9999.0 9999.0 9999.0 9999.0 9999.0 2.969
Q1422-d20 27.48 9999.0 25.86 0.12 25.08 0.11 99.0 9999.0 9999.0 9999.0 9999.0 9999.0 9999.0 9999.0 9999.0 9999.0 9999.0 9999.0 3.58
Q1422-d21 27.75 9999.0 26.04 0.12 25.53 0.17 126.03 9999.0 9999.0 9999.0 9999.0 9999.0 9999.0 9999.0 9999.0 9999.0 9999.0 9999.0 3.146
Q1422-d22 28.03 9999.0 26.48 0.16 25.46 0.15 99.0 9999.0 9999.0 9999.0 9999.0 9999.0 9999.0 9999.0 9999.0 9999.0 9999.0 9999.0 3.382
Q1422-d23 26.95 9999.0 24.64 0.1 23.82 0.1 126.47 9999.0 9999.0 9999.0 9999.0 9999.0 9999.0 9999.0 9999.0 9999.0 9999.0 9999.0 3.019
Q1422-d33 27.81 9999.0 25.34 0.1 24.61 0.1 99.0 9999.0 9999.0 9999.0 24.08 0.35 9999.0 9999.0 9999.0 9999.0 9999.0 9999.0 3.07
Q1422-d38 27.54 9999.0 26.15 0.14 25.38 0.15 52.75 9999.0 9999.0 9999.0 9999.0 9999.0 9999.0 9999.0 9999.0 9999.0 9999.0 9999.0 3.044
Q1422-d41 27.74 9999.0 26.3 0.13 25.21 0.13 32.96 9999.0 9999.0 9999.0 9999.0 9999.0 9999.0 9999.0 9999.0 9999.0 9999.0 9999.0 2.9
Q1422-d42 27.54 9999.0 26.07 0.12 25.14 0.11 26.09 0.15 23.88 0.42 9999.0 9999.0 9999.0 9999.0 25.04 0.05 24.78 0.05 3.137
Q1422-d43 27.52 9999.0 26.95 0.18 25.39 0.2 22.7 0.01 21.03 0.1 21.1 0.1 21.24 0.21 23.13 0.05 22.62 0.05 2.967
Q1422-d45 27.47 0.77 24.56 0.1 24.09 0.1 23.95 0.1 23.08 0.13 23.14 0.21 9999.0 9999.0 23.88 0.05 23.99 0.1 3.072
Q1422-d53 27.56 0.88 25.44 0.1 24.29 0.1 23.35 0.05 24.25 0.42 23.21 0.26 9999.0 9999.0 24.34 0.05 23.94 0.05 3.086
Q1422-d54 28.03 0.76 26.58 0.16 25.99 0.2 24.52 0.09 9999.0 9999.0 9999.0 9999.0 9999.0 9999.0 25.16 0.05 24.78 0.05 3.038
Q1422-d55 28.05 9999.0 26.46 0.18 25.14 0.14 23.78 0.05 23.28 0.28 9999.0 9999.0 9999.0 9999.0 24.55 0.05 23.96 0.05 2.697
Q1422-d57 27.84 9999.0 26.5 0.16 25.76 0.19 26.35 0.48 9999.0 9999.0 9999.0 9999.0 9999.0 9999.0 25.7 0.06 25.35 0.06 2.946
Q1422-d60 27.51 0.7 25.41 0.1 24.86 0.1 24.7 0.15 9999.0 9999.0 9999.0 9999.0 21.4 0.3 24.39 0.05 24.31 0.05 2.693
Q1422-d61 27.4 9999.0 26.4 0.2 24.96 0.15 23.84 0.07 9999.0 9999.0 9999.0 9999.0 9999.0 9999.0 24.24 0.05 23.61 0.05 3.588
Q1422-d62 27.7 9999.0 25.58 0.1 24.52 0.1 23.47 0.05 9999.0 9999.0 9999.0 9999.0 9999.0 9999.0 9999.0 9999.0 9999.0 9999.0 2.971
Q1422-d63 27.81 0.71 26.18 0.13 25.23 0.14 25.1 0.17 24.25 0.33 24.08 0.39 9999.0 9999.0 9999.0 9999.0 9999.0 9999.0 2.775
Q1422-d65 27.38 1.01 24.99 0.1 23.86 0.1 22.75 0.04 9999.0 9999.0 9999.0 9999.0 9999.0 9999.0 9999.0 9999.0 9999.0 9999.0 3.316
Q1422-d68 27.66 0.79 25.26 0.1 24.77 0.1 23.54 0.04 9999.0 9999.0 23.82 0.42 9999.0 9999.0 24.67 0.1 24.42 0.1 3.286
Q1422-d7 27.23 0.54 25.62 0.1 25.01 0.14 99.0 9999.0 9999.0 9999.0 9999.0 9999.0 9999.0 9999.0 9999.0 9999.0 9999.0 9999.0 2.822
Q1422-d70 27.57 9999.0 27.29 0.2 25.67 0.24 24.65 0.05 22.73 0.1 22.53 0.1 9999.0 9999.0 24.3 0.05 23.81 0.05 2.318
Q1422-d72 27.19 9999.0 25.77 0.11 24.68 0.1 25.15 0.11 9999.0 9999.0 9999.0 9999.0 9999.0 9999.0 9999.0 9999.0 9999.0 9999.0 3.136
Q1422-d76 27.31 9999.0 25.12 0.1 24.44 0.1 24.39 0.13 23.79 0.41 23.15 0.19 9999.0 9999.0 9999.0 9999.0 9999.0 9999.0 2.939
Q1422-d77 27.6 0.93 25.12 0.1 23.97 0.1 22.15 0.02 20.93 0.1 20.72 0.1 20.31 0.1 9999.0 9999.0 9999.0 9999.0 2.643
Q1422-d78 27.08 9999.0 24.86 0.1 23.99 0.1 22.34 0.03 21.8 0.1 21.6 0.1 9999.0 9999.0 9999.0 9999.0 9999.0 9999.0 3.106
Q1422-d8 26.85 9999.0 23.95 0.1 23.41 0.1 99.0 9999.0 9999.0 9999.0 22.49 0.12 9999.0 9999.0 9999.0 9999.0 9999.0 9999.0 3.049
Q1422-d80 27.51 9999.0 25.32 0.1 24.99 0.1 24.52 0.11 9999.0 9999.0 9999.0 9999.0 9999.0 9999.0 9999.0 9999.0 9999.0 9999.0 2.909
Q1422-d81 26.88 9999.0 23.99 0.1 23.46 0.1 22.21 0.02 22.02 0.1 22.18 0.13 21.25 0.2 9999.0 9999.0 9999.0 9999.0 3.1
Q1422-d88 27.07 9999.0 25.83 0.12 24.2 0.1 24.49 0.13 23.42 0.23 22.88 0.2 9999.0 9999.0 9999.0 9999.0 9999.0 9999.0 3.75
Q1422-d91 26.75 0.47 24.15 0.1 23.62 0.1 23.71 0.08 23.36 0.23 23.08 0.24 9999.0 9999.0 9999.0 9999.0 9999.0 9999.0 2.919
Q1422-d95 28.06 0.98 26.04 0.12 25.1 0.12 22.94 0.03 22.84 0.1 22.62 0.12 9999.0 9999.0 9999.0 9999.0 9999.0 9999.0 2.445
Q1422-m16 28.13 9999.0 27.52 0.34 25.93 0.21 24.99 0.12 9999.0 9999.0 9999.0 9999.0 9999.0 9999.0 9999.0 9999.0 9999.0 9999.0 3.581
Q1422-m18 28.75 9999.0 28.01 0.42 25.88 0.25 25.46 0.13 9999.0 9999.0 9999.0 9999.0 9999.0 9999.0 9999.0 9999.0 9999.0 9999.0 3.36
Q1422-m22 28.84 9999.0 27.6 0.31 25.94 0.24 25.87 0.13 9999.0 9999.0 9999.0 9999.0 9999.0 9999.0 9999.0 9999.0 9999.0 9999.0 3.556
Q1422-m26 27.96 9999.0 27.15 0.29 25.34 0.18 22.53 0.01 21.26 0.1 21.26 0.1 21.32 0.3 9999.0 9999.0 9999.0 9999.0 3.101
Q1422-md106 27.64 0.5 26.34 0.12 25.83 0.17 24.67 0.09 9999.0 9999.0 9999.0 9999.0 9999.0 9999.0 24.68 0.05 24.5 0.05 2.414
Q1422-md108 27.36 0.44 25.93 0.1 25.52 0.17 26.04 0.37 9999.0 9999.0 9999.0 9999.0 9999.0 9999.0 9999.0 9999.0 9999.0 9999.0 2.723
Q1422-md111 25.59 0.18 24.01 0.1 23.52 0.1 22.38 0.03 22.03 0.1 22.1 0.12 9999.0 9999.0 23.28 0.05 22.9 0.05 2.66
Q1422-md119 27.94 0.92 26.0 0.13 25.11 0.12 24.34 0.1 9999.0 9999.0 9999.0 9999.0 9999.0 9999.0 24.59 0.05 24.17 0.05 2.751
Q1422-md12 26.09 0.22 25.08 0.1 25.14 0.11 99.0 9999.0 9999.0 9999.0 9999.0 9999.0 9999.0 9999.0 9999.0 9999.0 9999.0 9999.0 2.638
Q1422-md120 27.82 9999.0 26.79 0.21 25.12 0.13 24.61 0.1 9999.0 9999.0 9999.0 9999.0 9999.0 9999.0 9999.0 9999.0 9999.0 9999.0 3.561
Q1422-md126 27.77 9999.0 26.71 0.19 25.89 0.22 24.76 0.11 9999.0 9999.0 9999.0 9999.0 9999.0 9999.0 9999.0 9999.0 9999.0 9999.0 2.264
Q1422-md127 27.58 9999.0 26.99 0.18 25.72 0.21 25.63 0.19 9999.0 9999.0 9999.0 9999.0 9999.0 9999.0 25.98 0.06 25.96 0.08 2.968
Q1422-md133 25.45 0.15 23.71 0.1 23.51 0.1 21.9 0.02 22.16 0.14 21.6 0.1 20.77 0.2 9999.0 9999.0 9999.0 9999.0 2.747
Q1422-md136 27.66 0.74 25.93 0.12 25.08 0.12 23.62 0.05 9999.0 9999.0 9999.0 9999.0 9999.0 9999.0 24.17 0.05 23.64 0.05 2.583
Q1422-md139 26.96 9999.0 25.46 0.12 24.39 0.1 23.25 0.06 23.08 0.25 23.07 0.24 9999.0 9999.0 9999.0 9999.0 9999.0 9999.0 2.748
Q1422-md14 27.57 0.65 25.74 0.1 24.82 0.11 99.0 9999.0 9999.0 9999.0 9999.0 9999.0 9999.0 9999.0 9999.0 9999.0 9999.0 9999.0 2.823
Q1422-md145 27.33 9999.0 27.3 0.25 24.96 0.17 25.47 0.16 9999.0 9999.0 9999.0 9999.0 9999.0 9999.0 25.47 0.05 26.75 0.13 2.799
Q1422-md147 27.66 0.72 25.74 0.1 24.81 0.1 23.84 0.06 9999.0 9999.0 9999.0 9999.0 9999.0 9999.0 24.25 0.05 23.83 0.05 2.486
Q1422-md150 27.39 0.63 25.79 0.12 25.1 0.11 25.4 0.29 9999.0 9999.0 9999.0 9999.0 9999.0 9999.0 9999.0 9999.0 9999.0 9999.0 2.506
Q1422-md152 27.06 9999.0 25.43 0.11 24.11 0.1 22.29 0.02 21.85 0.1 21.26 0.1 9999.0 9999.0 9999.0 9999.0 9999.0 9999.0 2.941
Q1422-md156 27.31 0.61 25.36 0.1 24.2 0.1 23.42 0.05 22.63 0.14 22.71 0.17 9999.0 9999.0 9999.0 9999.0 9999.0 9999.0 2.7
Q1422-md16 26.37 0.29 24.86 0.1 24.37 0.1 99.0 9999.0 9999.0 9999.0 9999.0 9999.0 9999.0 9999.0 9999.0 9999.0 9999.0 9999.0 2.811
Q1422-md163 27.21 9999.0 26.17 0.15 25.01 0.12 23.36 0.04 9999.0 9999.0 9999.0 9999.0 9999.0 9999.0 9999.0 9999.0 9999.0 9999.0 2.67
Q1422-md164 27.87 0.67 26.47 0.15 25.87 0.23 25.05 0.14 9999.0 9999.0 9999.0 9999.0 9999.0 9999.0 9999.0 9999.0 9999.0 9999.0 1.64
Q1422-md166 27.65 9999.0 27.13 0.21 26.08 0.26 99.0 9999.0 9999.0 9999.0 9999.0 9999.0 9999.0 9999.0 9999.0 9999.0 9999.0 9999.0 2.973
Q1422-md172 27.93 9999.0 26.49 0.21 25.41 0.16 25.92 0.44 25.11 0.38 9999.0 9999.0 9999.0 9999.0 9999.0 9999.0 9999.0 9999.0 2.66
Q1422-md176 27.44 0.47 26.08 0.11 25.82 0.17 23.59 0.03 22.78 0.1 22.97 0.16 9999.0 9999.0 9999.0 9999.0 9999.0 9999.0 2.097
Q1422-md180 27.23 0.56 25.3 0.1 24.75 0.11 24.3 0.11 24.08 0.4 9999.0 9999.0 9999.0 9999.0 9999.0 9999.0 9999.0 9999.0 2.692
Q1422-md181 26.28 0.25 25.32 0.1 24.68 0.12 23.23 0.04 9999.0 9999.0 10.85 0.0 9999.0 9999.0 9999.0 9999.0 9999.0 9999.0 2.438
Q1422-md183 27.11 0.42 25.84 0.1 25.29 0.16 23.68 0.05 23.03 0.24 22.69 0.16 9999.0 9999.0 9999.0 9999.0 9999.0 9999.0 2.297
Q1422-md184 27.62 0.79 25.54 0.1 24.77 0.1 23.5 0.05 9999.0 9999.0 9999.0 9999.0 9999.0 9999.0 9999.0 9999.0 9999.0 9999.0 2.687
Q1422-md185 26.59 0.42 24.82 0.1 23.93 0.1 22.95 0.04 22.42 0.1 22.39 0.1 9999.0 9999.0 9999.0 9999.0 9999.0 9999.0 2.86
Q1422-md186 27.87 0.93 25.95 0.13 24.94 0.11 23.89 0.07 23.17 0.26 9999.0 9999.0 9999.0 9999.0 9999.0 9999.0 9999.0 9999.0 2.913
Q1422-md188 27.4 9999.0 26.47 0.17 25.21 0.13 23.59 0.04 22.78 0.1 22.5 0.14 9999.0 9999.0 9999.0 9999.0 9999.0 9999.0 2.562
Q1422-md189 27.94 0.92 26.02 0.13 24.48 0.1 24.77 0.14 9999.0 9999.0 23.42 0.27 9999.0 9999.0 9999.0 9999.0 9999.0 9999.0 2.917
Q1422-md198 27.54 0.46 26.43 0.13 24.59 0.14 24.5 0.08 9999.0 9999.0 23.81 0.41 9999.0 9999.0 9999.0 9999.0 9999.0 9999.0 2.839
Q1422-md202 26.65 0.41 24.88 0.1 24.2 0.1 23.09 0.04 9999.0 9999.0 9999.0 9999.0 9999.0 9999.0 9999.0 9999.0 9999.0 9999.0 2.696
Q1422-md204 28.15 0.85 26.72 0.18 25.85 0.2 25.99 0.33 9999.0 9999.0 9999.0 9999.0 9999.0 9999.0 9999.0 9999.0 9999.0 9999.0 2.819
Q1422-md206 26.94 0.43 25.37 0.1 24.49 0.1 23.69 0.06 9999.0 9999.0 9999.0 9999.0 9999.0 9999.0 9999.0 9999.0 9999.0 9999.0 2.789
Q1422-md209 27.44 9999.0 25.72 0.14 24.58 0.1 23.54 0.04 9999.0 9999.0 9999.0 9999.0 9999.0 9999.0 9999.0 9999.0 9999.0 9999.0 3.372
Q1422-md213 26.53 0.35 24.56 0.1 23.76 0.1 23.32 0.05 24.42 0.36 9999.0 9999.0 9999.0 9999.0 9999.0 9999.0 9999.0 9999.0 2.591
Q1422-md216 27.22 0.61 25.26 0.1 24.84 0.1 23.87 0.08 23.87 0.32 9999.0 9999.0 9999.0 9999.0 9999.0 9999.0 9999.0 9999.0 2.973
Q1422-md219 26.07 0.22 24.54 0.1 24.22 0.1 27.54 9999.0 9999.0 9999.0 9999.0 9999.0 9999.0 9999.0 9999.0 9999.0 9999.0 9999.0 2.696
Q1422-md24 26.5 0.3 25.01 0.1 24.69 0.1 99.0 9999.0 9999.0 9999.0 9999.0 9999.0 9999.0 9999.0 9999.0 9999.0 9999.0 9999.0 2.793
Q1422-md30 26.14 0.27 24.61 0.1 24.05 0.1 99.0 9999.0 9999.0 9999.0 9999.0 9999.0 9999.0 9999.0 9999.0 9999.0 9999.0 9999.0 2.969
Q1422-md31 25.94 0.2 24.77 0.1 24.23 0.1 129.84 9999.0 9999.0 9999.0 9999.0 9999.0 9999.0 9999.0 9999.0 9999.0 9999.0 9999.0 2.604
Q1422-md34 26.59 0.42 24.99 0.1 24.04 0.1 130.81 9999.0 9999.0 9999.0 22.0 0.1 9999.0 9999.0 9999.0 9999.0 9999.0 9999.0 2.683
Q1422-md36 27.24 0.49 25.66 0.1 25.5 0.16 129.83 9999.0 9999.0 9999.0 9999.0 9999.0 9999.0 9999.0 9999.0 9999.0 9999.0 9999.0 2.799
Q1422-md40 27.65 9999.0 26.7 0.22 25.12 0.14 123.7 9999.0 9999.0 9999.0 9999.0 9999.0 9999.0 9999.0 9999.0 9999.0 9999.0 9999.0 3.07
Q1422-md41 25.63 0.18 24.26 0.1 23.87 0.1 99.0 9999.0 9999.0 9999.0 9999.0 9999.0 9999.0 9999.0 9999.0 9999.0 9999.0 9999.0 2.635
Q1422-md42 27.66 9999.0 26.96 0.21 26.22 0.25 128.41 9999.0 9999.0 9999.0 9999.0 9999.0 9999.0 9999.0 9999.0 9999.0 9999.0 9999.0 2.817
Q1422-md44 26.89 0.41 25.4 0.1 24.69 0.1 119.89 9999.0 9999.0 9999.0 9999.0 9999.0 9999.0 9999.0 9999.0 9999.0 9999.0 9999.0 2.575
Q1422-md45 27.94 0.9 26.42 0.18 25.17 0.14 114.37 9999.0 9999.0 9999.0 9999.0 9999.0 9999.0 9999.0 9999.0 9999.0 9999.0 9999.0 3.047
Q1422-md52 26.23 0.34 24.71 0.1 23.79 0.1 99.0 9999.0 9999.0 9999.0 9999.0 9999.0 9999.0 9999.0 9999.0 9999.0 9999.0 9999.0 2.717
Q1422-md53 26.46 0.28 25.02 0.1 24.54 0.1 133.43 9999.0 9999.0 9999.0 9999.0 9999.0 9999.0 9999.0 9999.0 9999.0 9999.0 9999.0 2.634
Q1422-md55 26.98 0.49 25.1 0.1 24.49 0.1 100.35 9999.0 9999.0 9999.0 22.3 0.14 9999.0 9999.0 9999.0 9999.0 9999.0 9999.0 2.633
Q1422-md61 27.23 0.28 26.33 0.1 25.22 0.17 99.0 9999.0 9999.0 9999.0 9999.0 9999.0 9999.0 9999.0 9999.0 9999.0 9999.0 9999.0 2.576
Q1422-md68 28.09 0.99 26.19 0.14 25.24 0.12 99.0 9999.0 9999.0 9999.0 9999.0 9999.0 9999.0 9999.0 9999.0 9999.0 9999.0 9999.0 2.803
Q1422-md77 27.8 1.0 25.93 0.15 24.53 0.1 94.01 9999.0 9999.0 9999.0 9999.0 9999.0 9999.0 9999.0 9999.0 9999.0 9999.0 9999.0 2.965
Q1422-md78 25.35 0.16 24.12 0.1 23.51 0.1 75.4 9999.0 9999.0 9999.0 9999.0 9999.0 9999.0 9999.0 9999.0 9999.0 9999.0 9999.0 2.682
Q1422-md85 26.39 0.22 25.21 0.1 25.15 0.11 57.22 9999.0 9999.0 9999.0 9999.0 9999.0 9999.0 9999.0 9999.0 9999.0 9999.0 9999.0 2.547
Q1422-md90 26.38 0.29 24.83 0.1 24.43 0.1 23.95 0.09 22.66 0.16 23.11 0.24 9999.0 9999.0 24.18 0.05 23.89 0.05 2.739
Q1422-md92 27.25 9999.0 26.61 0.17 25.12 0.17 99.0 9999.0 9999.0 9999.0 23.87 0.41 9999.0 9999.0 9999.0 9999.0 9999.0 9999.0 3.135
Q1422-md96 28.9 0.69 27.65 0.18 26.06 0.28 27.01 0.35 9999.0 9999.0 9999.0 9999.0 9999.0 9999.0 9999.0 9999.0 9999.0 9999.0 2.849
Q1422-oC50 27.29 0.65 25.7 0.12 24.56 0.11 99.0 9999.0 21.71 0.1 21.64 0.1 21.3 0.29 9999.0 9999.0 9999.0 9999.0 3.085
Q1422-oMD38 27.53 9999.0 26.48 0.22 25.32 0.12 99.0 9999.0 9999.0 9999.0 23.14 0.25 9999.0 9999.0 9999.0 9999.0 9999.0 9999.0 3.04
