Object Un_lris Un_lris_err G_lris G_lris_err Rs_lris Rs_lris_err mosfire_J mosfire_J_err mosfire_H mosfire_H_err mosfire_Ks mosfire_Ks_err irac1 irac1_err irac2 irac2_err irac3 irac3_err Redshift
SSA22-C10 27.02 9999.0 25.94 0.26 25.43 0.1 9999.0 9999.0 24.77 0.15 24.66 0.12 9999.0 9999.0 9999.0 9999.0 9999.0 9999.0 2.931
SSA22-C11 27.22 9999.0 24.86 0.12 24.36 0.06 24.05 0.1 24.32 0.12 23.78 0.1 23.16 0.17 23.17 0.17 9999.0 9999.0 3.098
SSA22-C12 27.14 9999.0 24.92 0.12 24.41 0.06 9999.0 9999.0 24.1 0.1 24.42 0.1 9999.0 9999.0 9999.0 9999.0 9999.0 9999.0 3.099
SSA22-C14 27.56 9999.0 26.24 0.36 25.71 0.13 25.36 0.24 9999.0 9999.0 25.42 0.26 9999.0 9999.0 9999.0 9999.0 9999.0 9999.0 3.213
SSA22-C15 27.21 9999.0 25.97 0.28 25.35 0.1 25.83 0.32 9999.0 9999.0 27.06 0.17 9999.0 9999.0 9999.0 9999.0 9999.0 9999.0 3.098
SSA22-C16 26.32 9999.0 24.47 0.11 23.52 0.03 22.98 0.1 22.48 0.1 22.08 0.1 21.91 0.1 21.73 0.1 21.54 0.16 3.067
SSA22-C19 28.28 9999.0 26.38 0.33 25.99 0.14 25.76 0.24 26.06 0.5 25.57 0.27 9999.0 9999.0 9999.0 9999.0 9999.0 9999.0 2.989
SSA22-C22 26.63 9999.0 25.02 0.13 24.6 0.06 24.32 0.1 23.79 0.1 24.13 0.1 23.46 0.19 23.26 0.16 9999.0 9999.0 2.879
SSA22-C24 27.06 9999.0 25.04 0.15 24.2 0.05 24.15 0.1 23.79 0.1 23.66 0.1 9999.0 9999.0 9999.0 9999.0 9999.0 9999.0 3.099
SSA22-C26 27.18 9999.0 26.77 0.46 26.12 0.16 9999.0 9999.0 25.73 0.21 26.03 0.4 9999.0 9999.0 9999.0 9999.0 9999.0 9999.0 3.171
SSA22-C27 28.9 9999.0 25.58 0.19 24.96 0.08 24.34 0.1 9999.0 9999.0 23.51 0.1 9999.0 9999.0 23.55 0.26 9999.0 9999.0 3.086
SSA22-C28 27.48 9999.0 25.47 0.17 25.13 0.08 25.33 0.19 24.35 0.83 25.5 0.1 9999.0 9999.0 9999.0 9999.0 9999.0 9999.0 3.069
SSA22-C3 27.94 9999.0 26.01 0.26 25.46 0.11 24.76 0.1 9999.0 9999.0 24.33 0.1 23.95 0.34 23.72 0.24 9999.0 9999.0 3.093
SSA22-C30 27.0 9999.0 24.8 0.14 24.11 0.05 9999.0 9999.0 9999.0 9999.0 22.92 0.1 22.58 0.13 22.25 0.1 9999.0 9999.0 3.102
SSA22-C31 26.86 9999.0 24.57 0.1 24.6 0.06 24.47 0.1 23.1 0.11 9999.0 9999.0 9999.0 9999.0 9999.0 9999.0 9999.0 9999.0 3.021
SSA22-C32 9999.0 9999.0 24.53 0.1 23.85 0.04 23.84 0.1 9999.0 9999.0 23.27 0.1 23.24 0.14 23.13 0.15 9999.0 9999.0 3.293
SSA22-C35 27.0 9999.0 25.24 0.17 24.28 0.06 9999.0 9999.0 23.84 0.1 23.46 0.1 23.43 0.14 23.17 0.15 9999.0 9999.0 3.099
SSA22-C36 26.53 9999.0 24.86 0.14 24.11 0.05 23.81 0.1 23.67 0.1 23.22 0.1 9999.0 9999.0 9999.0 9999.0 9999.0 9999.0 3.062
SSA22-C39 28.57 9999.0 25.6 0.22 25.19 0.1 9999.0 9999.0 9999.0 9999.0 24.63 0.1 9999.0 9999.0 9999.0 9999.0 9999.0 9999.0 3.068
SSA22-C4 9999.0 9999.0 25.29 0.18 24.78 0.08 24.58 0.12 9999.0 9999.0 23.21 0.1 24.02 0.17 9999.0 9999.0 9999.0 9999.0 3.072
SSA22-C40 27.14 9999.0 25.68 0.18 25.26 0.1 9999.0 9999.0 24.0 0.1 24.7 0.1 24.01 0.2 24.08 0.23 9999.0 9999.0 2.919
SSA22-C41 26.89 9999.0 24.2 0.1 23.99 0.04 24.01 0.1 9999.0 9999.0 23.6 0.1 23.21 0.11 23.13 0.15 9999.0 9999.0 3.02
SSA22-C42 27.26 9999.0 25.38 0.15 25.06 0.09 24.62 0.1 23.48 0.16 9999.0 9999.0 9999.0 9999.0 24.09 0.27 9999.0 9999.0 2.924
SSA22-C44 27.25 9999.0 25.82 0.22 24.99 0.18 24.6 0.2 9999.0 9999.0 24.46 0.2 9999.0 9999.0 9999.0 9999.0 9999.0 9999.0 2.818
SSA22-C45 27.44 9999.0 25.64 0.2 25.16 0.09 24.94 0.1 24.79 0.24 9999.0 9999.0 9999.0 9999.0 9999.0 9999.0 9999.0 9999.0 2.828
SSA22-C46 28.94 9999.0 25.37 0.18 24.84 0.08 24.75 0.1 9999.0 9999.0 24.54 0.1 24.02 0.19 23.77 0.17 9999.0 9999.0 2.923
SSA22-C47 26.89 9999.0 24.47 0.1 23.89 0.04 23.79 0.1 9999.0 9999.0 23.61 0.1 23.18 0.14 23.36 0.17 9999.0 9999.0 3.067
SSA22-C48 28.15 9999.0 25.79 0.23 25.07 0.1 25.54 0.12 9999.0 9999.0 24.95 0.23 9999.0 9999.0 9999.0 9999.0 9999.0 9999.0 3.081
SSA22-C49 26.66 9999.0 24.5 0.11 23.9 0.05 23.5 0.1 9999.0 9999.0 22.85 0.1 23.21 0.16 23.12 0.12 9999.0 9999.0 3.151
SSA22-C50 9999.0 9999.0 25.94 0.26 25.2 0.09 24.87 0.1 9999.0 9999.0 24.3 0.1 23.8 0.35 23.56 0.29 9999.0 9999.0 3.088
SSA22-C6 27.27 9999.0 24.45 0.11 23.69 0.05 23.87 0.1 24.16 0.1 23.3 0.1 23.47 0.27 9999.0 9999.0 22.31 0.34 3.094
SSA22-C7 26.56 9999.0 24.34 0.13 23.43 0.04 23.04 0.1 9999.0 9999.0 22.32 0.1 22.17 0.1 22.03 0.1 21.65 0.13 3.064
SSA22-C8 27.43 0.85 26.27 0.29 26.09 0.15 9999.0 9999.0 25.88 0.2 25.7 0.25 9999.0 9999.0 9999.0 9999.0 9999.0 9999.0 2.455
SSA22-C9 27.49 9999.0 26.05 0.26 25.84 0.13 9999.0 9999.0 9999.0 9999.0 9999.0 9999.0 9999.0 9999.0 9999.0 9999.0 9999.0 9999.0 3.069
SSA22-D10 27.37 0.92 25.64 0.18 25.16 0.09 24.69 0.1 9999.0 9999.0 24.17 0.1 9999.0 9999.0 22.88 0.14 9999.0 9999.0 2.607
SSA22-D12 24.27 0.11 21.97 0.1 21.64 0.01 20.95 0.1 9999.0 9999.0 20.45 0.1 20.14 0.1 19.93 0.1 19.54 0.1 3.09
SSA22-D13 26.02 0.65 21.63 0.1 20.9 0.0 20.85 0.1 9999.0 9999.0 20.42 0.1 20.58 0.1 20.39 0.1 20.17 0.1 3.349
SSA22-D14 26.78 0.61 24.75 0.1 24.5 0.05 24.32 0.1 9999.0 9999.0 23.7 0.1 23.7 0.19 23.82 0.24 9999.0 9999.0 3.015
SSA22-D15 27.42 0.8 25.92 0.2 25.48 0.1 25.57 0.12 9999.0 9999.0 26.23 0.35 9999.0 9999.0 9999.0 9999.0 9999.0 9999.0 2.714
SSA22-D17 26.45 9999.0 24.88 0.13 24.43 0.07 24.71 0.1 23.99 0.1 24.03 0.1 23.64 0.27 23.56 0.2 9999.0 9999.0 3.085
SSA22-D3 26.29 9999.0 24.18 0.11 23.28 0.04 23.29 0.1 9999.0 9999.0 22.53 0.1 22.46 0.17 22.34 0.12 21.98 0.28 3.069
SSA22-D4 26.33 0.41 25.06 0.13 24.97 0.09 25.25 0.19 9999.0 9999.0 25.46 0.26 9999.0 9999.0 9999.0 9999.0 9999.0 9999.0 2.766
SSA22-D5 27.14 9999.0 26.2 0.24 26.05 0.13 25.92 0.24 9999.0 9999.0 25.36 0.16 9999.0 9999.0 9999.0 9999.0 9999.0 9999.0 2.692
SSA22-D7 25.82 0.39 24.46 0.11 23.91 0.05 23.86 0.1 9999.0 9999.0 22.9 0.1 22.29 0.1 22.25 0.1 21.81 0.19 2.761
SSA22-M10 27.36 9999.0 25.66 0.25 24.64 0.08 26.02 0.45 26.11 0.1 9999.0 9999.0 9999.0 9999.0 9999.0 9999.0 9999.0 9999.0 3.098
SSA22-M11 27.55 9999.0 27.56 0.72 26.65 0.19 26.37 0.31 9999.0 9999.0 26.13 0.28 9999.0 9999.0 9999.0 9999.0 9999.0 9999.0 3.105
SSA22-M12 9999.0 9999.0 27.37 0.16 26.6 0.16 26.19 0.21 25.36 0.13 25.15 0.1 9999.0 9999.0 9999.0 9999.0 9999.0 9999.0 3.163
SSA22-M13 27.17 9999.0 26.43 0.41 25.78 0.13 9999.0 9999.0 9999.0 9999.0 26.21 0.3 9999.0 9999.0 9999.0 9999.0 9999.0 9999.0 3.103
SSA22-M14 27.54 9999.0 26.18 0.38 25.52 0.13 9999.0 9999.0 23.98 0.1 23.61 0.1 9999.0 9999.0 9999.0 9999.0 9999.0 9999.0 3.094
SSA22-M16 26.62 9999.0 25.53 0.22 24.82 0.08 22.15 0.1 9999.0 9999.0 21.46 0.1 20.24 0.1 20.16 0.1 20.41 0.1 3.02
SSA22-M19 27.61 9999.0 26.53 0.33 25.9 0.12 25.89 0.24 9999.0 9999.0 26.21 0.16 23.78 0.24 23.62 0.29 9999.0 9999.0 3.082
SSA22-M2 27.54 9999.0 27.4 0.68 26.28 0.17 9999.0 9999.0 9999.0 9999.0 9999.0 9999.0 9999.0 9999.0 9999.0 9999.0 9999.0 9999.0 3.384
SSA22-M20 27.63 9999.0 26.47 0.4 25.39 0.11 25.03 0.14 24.92 0.12 25.29 0.11 9999.0 9999.0 23.65 0.23 9999.0 9999.0 3.101
SSA22-M25 27.72 9999.0 25.58 0.23 24.86 0.08 25.44 0.3 24.41 0.28 25.57 0.35 24.26 0.19 24.16 0.28 9999.0 9999.0 3.093
SSA22-M28 26.86 9999.0 25.74 0.26 24.93 0.08 25.12 0.21 25.15 0.32 23.43 0.2 23.33 0.24 23.36 0.22 9999.0 9999.0 3.09
SSA22-M29 28.0 9999.0 26.39 0.34 25.65 0.13 25.14 0.1 25.21 0.1 25.87 0.18 9999.0 9999.0 24.07 0.34 9999.0 9999.0 3.091
SSA22-M33 27.32 9999.0 27.02 0.44 26.56 0.17 25.7 0.14 24.46 9999.0 9999.0 9999.0 9999.0 9999.0 9999.0 9999.0 9999.0 9999.0 2.764
SSA22-M34 27.6 9999.0 26.36 0.39 25.41 0.12 25.09 0.13 25.2 0.23 24.54 0.1 9999.0 9999.0 9999.0 9999.0 9999.0 9999.0 3.093
SSA22-M35 27.24 9999.0 26.28 0.35 25.61 0.12 24.62 0.1 25.05 0.24 24.58 0.14 9999.0 9999.0 9999.0 9999.0 9999.0 9999.0 2.934
SSA22-M38 28.37 9999.0 25.8 0.31 24.44 0.07 23.79 0.1 23.2 0.1 22.8 0.1 22.43 0.1 22.23 0.1 9999.0 9999.0 3.29
SSA22-M4 26.8 9999.0 25.37 0.2 24.66 0.07 23.86 0.1 23.87 0.1 23.73 0.1 9999.0 9999.0 9999.0 9999.0 9999.0 9999.0 3.095
SSA22-M5 27.04 9999.0 26.6 0.42 25.82 0.13 25.83 0.26 25.8 0.32 25.61 0.24 9999.0 9999.0 9999.0 9999.0 9999.0 9999.0 3.323
SSA22-M6 28.06 9999.0 26.61 0.43 26.13 0.14 9999.0 9999.0 26.31 0.22 26.08 0.25 24.35 0.26 9999.0 9999.0 9999.0 9999.0 3.172
SSA22-M8 27.44 9999.0 25.71 0.27 24.6 0.07 24.37 0.1 9999.0 9999.0 22.96 0.1 22.22 0.1 22.04 0.1 21.98 0.29 3.079
SSA22-MD14 26.51 9999.0 25.33 0.2 24.44 0.06 24.0 0.1 9999.0 9999.0 24.14 0.1 23.06 0.1 23.08 0.13 9999.0 9999.0 3.099
SSA22-MD17 27.26 0.77 25.67 0.18 25.3 0.09 9999.0 9999.0 9999.0 9999.0 9999.0 9999.0 22.35 0.1 22.25 0.1 22.09 0.27 2.16
SSA22-MD19 26.27 0.57 24.64 0.13 24.37 0.06 23.34 0.1 23.25 0.1 22.78 0.1 22.29 0.1 22.24 0.1 9999.0 9999.0 2.41
SSA22-MD2 27.31 0.99 25.66 0.22 25.01 0.09 24.7 0.11 9999.0 9999.0 24.18 0.1 23.73 0.14 23.95 0.26 9999.0 9999.0 2.484
SSA22-MD20 27.2 9999.0 26.39 0.38 25.81 0.13 9999.0 9999.0 9999.0 9999.0 24.91 0.17 9999.0 9999.0 9999.0 9999.0 9999.0 9999.0 3.052
SSA22-MD23 26.89 0.93 24.65 0.12 24.18 0.06 23.48 0.1 9999.0 9999.0 22.58 0.1 23.29 0.22 9999.0 9999.0 9999.0 9999.0 3.079
SSA22-MD3 26.52 0.53 25.16 0.15 24.87 0.1 25.13 0.19 9999.0 9999.0 24.39 0.11 9999.0 9999.0 9999.0 9999.0 9999.0 9999.0 2.484
SSA22-MD32 27.23 9999.0 26.11 0.28 25.74 0.12 25.19 0.14 9999.0 9999.0 24.61 0.12 9999.0 9999.0 24.19 0.35 9999.0 9999.0 3.098
SSA22-MD36 26.77 9999.0 25.72 0.24 24.85 0.08 24.71 0.1 9999.0 9999.0 23.6 0.1 23.21 0.12 23.16 0.16 9999.0 9999.0 2.743
SSA22-MD37 26.82 0.8 25.43 0.22 24.71 0.08 24.5 0.12 9999.0 9999.0 24.05 0.11 23.33 0.17 9999.0 9999.0 9999.0 9999.0 3.019
SSA22-MD4 26.47 0.52 25.01 0.13 24.73 0.08 9999.0 9999.0 24.21 0.1 24.08 0.1 22.99 0.17 23.03 0.15 22.55 0.36 2.609
SSA22-MD40 26.62 9999.0 25.53 0.21 24.72 0.08 24.69 0.1 23.9 0.36 24.57 0.1 23.48 0.11 23.26 0.13 9999.0 9999.0 3.019
SSA22-MD41 24.74 0.16 23.5 0.1 23.36 0.03 22.2 0.1 9999.0 9999.0 21.82 0.1 21.87 0.1 21.88 0.1 9999.0 9999.0 2.175
SSA22-MD44 27.19 9999.0 26.11 0.27 25.62 0.12 25.45 0.17 25.71 0.32 24.71 0.14 9999.0 9999.0 9999.0 9999.0 9999.0 9999.0 2.708
SSA22-MD45 26.07 0.4 24.88 0.13 24.67 0.08 23.06 0.1 22.19 0.1 21.94 0.1 21.32 0.1 21.16 0.1 20.89 0.1 3.026
SSA22-MD46 26.17 0.54 23.93 0.1 23.47 0.03 23.06 0.1 9999.0 9999.0 22.8 0.1 23.12 0.2 23.16 0.2 9999.0 9999.0 3.085
SSA22-MD55 26.74 1.04 24.71 0.16 23.99 0.06 23.48 0.1 22.45 0.1 22.7 0.1 22.62 0.1 22.66 0.11 22.1 0.3 2.673
SSA22-MD58 27.11 1.08 25.32 0.21 24.93 0.09 9999.0 9999.0 9999.0 9999.0 9999.0 9999.0 20.81 0.1 20.66 0.1 20.35 0.1 2.859
SSA22-MD6 27.24 1.04 25.26 0.17 24.28 0.05 23.83 0.1 22.9 0.1 23.75 0.1 9999.0 9999.0 9999.0 9999.0 9999.0 9999.0 2.584
SSA22-aug96C17 25.59 0.24 25.18 0.16 24.52 0.06 23.89 0.1 23.22 0.13 23.66 0.1 23.74 0.15 24.4 0.34 9999.0 9999.0 0.663
SSA22-aug96C19 25.81 0.29 24.74 0.11 24.44 0.06 23.52 0.1 23.69 0.1 22.97 0.1 22.61 0.1 22.55 0.1 22.24 0.29 2.471
SSA22-aug96C2 25.52 0.27 24.48 0.1 24.37 0.07 23.76 0.1 24.14 0.1 23.01 0.1 23.0 0.1 23.21 0.17 9999.0 9999.0 1.675
SSA22-aug96C20 26.24 0.32 25.59 0.17 25.44 0.12 24.85 0.1 23.18 0.15 23.59 0.1 23.78 0.34 23.76 0.33 9999.0 9999.0 1.355
SSA22-aug96C22 25.26 0.16 24.69 0.1 24.36 0.05 23.18 0.1 9999.0 9999.0 22.51 0.1 21.74 0.1 21.6 0.1 21.75 0.18 2.131
SSA22-aug96C3 25.97 0.32 24.65 0.1 24.33 0.05 23.37 0.1 9999.0 9999.0 22.99 0.1 22.75 0.16 22.75 0.1 9999.0 9999.0 1.675
SSA22-aug96D1 24.81 0.16 23.88 0.1 23.56 0.04 23.14 0.1 22.66 0.1 22.55 0.1 22.67 0.14 22.59 0.1 22.27 0.33 2.207
SSA22-aug96D10 25.77 0.24 24.84 0.1 24.62 0.06 23.97 0.1 23.21 0.1 23.29 0.1 22.94 0.1 22.81 0.11 9999.0 9999.0 2.034
SSA22-aug96M11 25.18 0.16 25.17 0.16 24.38 0.06 23.82 0.1 22.47 0.12 23.76 0.1 23.99 0.2 9999.0 9999.0 9999.0 9999.0 0.656
SSA22-aug96M16 25.79 0.3 24.99 0.14 24.46 0.07 24.25 0.1 23.39 0.14 23.67 0.1 9999.0 9999.0 24.47 0.35 10.67 0.0 3.094
SSA22-aug96MD40 25.01 0.15 24.2 0.1 23.91 0.04 23.05 0.1 9999.0 9999.0 22.68 0.1 22.41 0.1 22.32 0.1 22.04 0.22 2.172
SSA22-aug96MD50 25.17 0.14 24.6 0.1 24.51 0.06 23.86 0.1 9999.0 9999.0 23.5 0.1 23.6 0.31 23.6 0.24 9999.0 9999.0 2.174
SSA22-oct96C10 27.33 9999.0 26.37 0.27 25.81 0.15 26.03 0.23 9999.0 9999.0 25.83 0.28 24.3 0.28 9999.0 9999.0 9999.0 9999.0 2.808
SSA22-oct96D6 27.48 0.86 25.73 0.17 25.58 0.12 26.11 0.28 9999.0 9999.0 9999.0 9999.0 9999.0 9999.0 9999.0 9999.0 9999.0 9999.0 2.848
SSA22-oct96MD37 25.37 0.1 24.45 0.1 24.38 0.05 23.7 0.1 23.35 0.1 23.22 0.1 22.74 0.1 22.76 0.1 9999.0 9999.0 2.167
